0011001100110101 0000101010001111 1111111111111111
0001011100111001 0000010100011111 1111111111111111
1110101110011010 1000110101011110 1111111111111111
1100101010100100 1000000101101000 1111111111111111
1010101001101001 0100010110111010 1111111111111111
1001101010110010 0110101100010100 1111111111111111
1111111110001111 1000111001110001 1111111111111111
1000011110011100 0101001001000100 1111111111111111
1100001100110011 0010011011011001 1111111111111111
1010001011000110 0010011011011001 1111111111111111
1010100110110010 0111010110000010 1111111111111111
1010101010101010 0111010110000010 1111111111111111
1010010101010101 0111000011100100 1111111111111111
0101010101010101 0011011011001001 1111111111111111
0101010010101010 0001110000111001 1111111111111111
1010101010111010 0011011111001000 1111111111111111
1010101010000101 0111101110000100 1111111111111111
0101010101010110 0101100001010010 1111111111111111
0101010101010000 0001101010010000 1111111111111111
1010101010101010 0111000011100100 1111111111111111